@CUBE
#s1 FRONT t1
-1 -1 1
1 -1 1
1 1 1
c 200 0 0
#s1 FRONT t2
1 1 1
-1 1 1
-1 -1 1
c 200 0 0
#s2 BACK t1
-1 -1 3
1 -1 3
1 1 3
c 0 200 0
#s2 BACK t2
1 1 3
-1 1 3
-1 -1 3
c 0 200 0
#s3 LEFT t1
-1 -1 1
-1 1 1
-1 1 3
c 0 0 200
#s3 LEFT t2
-1 1 3
-1 -1 3
-1 -1 1
c 0 0 200
#s4 RIGHT t1
1 -1 1
1 1 1
1 1 3
c 100 100 100
#s4 RIGHT t2
1 1 3
1 -1 3
1 -1 1
c 100 100 100
#s5 TOP t1
-1 -1 3
1 -1 3
1 -1 1
c 200 200 200
#s5 TOP t2
1 -1 1
-1 -1 1
-1 -1 3
c 200 200 200
#s6 BOTTOM t1
-1 1 1
1 1 1
1 1 3
c 20 240 100
#s6 BOTTOM t2
1 1 3
-1 1 3
-1 1 1
c 20 240 100